10 10 20 10
0 0 0 0 -1 -1 0 0 0 0
0 S 0 0 0 0 0 -1 0 -1
0 0 -1 -1 -1 0 0 -1 0 -1
0 0 0 0 -1 0 0 -1 0 0 
0 0 -1 -1 -1 0 0 -1 -1 0
1 0 -1 0 0 0 0 0 -1 0
0 0 F1 0 -1 4 -1 8 -1 0
0 0 0 0 -1 0 0 0 G 0
0 -1 -1 -1 -1 0 0 0 0 0 
0 0 5 0 0 0 -1 -1 -1 0


[[0, 0, 0, 0, -1, -1, 0, 0, 0, 0],
[0, 0, 0, 0, 0, 0, 0, -1, 0, -1], 
[0, 0, -1, -1, -1, 0, 0, -1, 0, -1], 
[0, 0, 0, 0, -1, 0, 0, -1, 0, 0], 
[0, 0, -1, -1, -1, 0, 0, -1, -1, 0], 
[1, 0, -1, 0, 0, 0, 0, 0, -1, 0], 
[0, 0, 'F1', 0, -1, 4, -1, 8, -1, 0],
[0, 0, 0, 0, -1, 0, 0, 'S0', 'G0', 0], 
[0, -1, -1, -1, -1, 0, 0, 0, 0, 0], 
[0, 0, 5, 0, 0, 0, -1, -1, -1, 0]]